1,1,120.43,330.31,137.18,65.52999999999997,1,1,1.0
1,2,207.81,247.3,98.73000000000002,48.06,1,1,1.0
1,3,732.95,265.65,69.94999999999993,39.32000000000005,1,1,1.0
1,4,554.7,242.93,38.44999999999993,41.94,1,1,1.0
1,5,0.0,251.67,19.07,36.70000000000002,1,1,1.0
2,1,98.58,332.93,137.19,65.54000000000002,1,1,1.0
2,2,207.81,247.3,97.41000000000003,48.06,1,1,1.0
2,3,722.47,266.52,69.93999999999994,39.31999999999999,1,1,1.0
2,4,548.58,243.81,38.44999999999993,41.94,1,1,1.0
2,5,0.0,251.67,21.68,36.70000000000002,1,1,1.0
3,1,77.61,335.55,137.19,65.53999999999996,1,1,1.0
3,2,207.81,247.3,96.08999999999997,48.06,1,1,1.0
3,3,711.11,270.02,69.94999999999993,39.31999999999999,1,1,1.0
3,4,541.59,242.06,38.44999999999993,41.94,1,1,1.0
3,5,0.0,251.67,24.3,36.70000000000002,1,1,1.0
4,1,46.2,340.8,148.5,67.30000000000001,1,1,1.0
4,2,207.81,247.3,96.08999999999997,48.06,1,1,1.0
4,3,693.63,268.3,76.97000000000003,44.52999999999997,1,1,1.0
4,4,541.59,242.06,34.00999999999999,41.94,1,1,1.0
4,5,3.5,251.67,20.8,36.70000000000002,1,1,1.0
5,1,21.73,342.54,147.67000000000002,70.75999999999999,1,1,1.0
5,2,207.81,247.3,96.08999999999997,48.06,1,1,1.0
5,3,677.9,271.79,77.80000000000007,44.539999999999964,1,1,1.0
5,4,541.59,242.06,30.50999999999999,41.94,1,1,1.0
5,5,7.0,256.04,20.8,36.69999999999999,1,1,1.0
6,1,0.0,346.91,145.81,70.75999999999999,1,1,1.0
6,2,207.81,247.3,96.08999999999997,48.06,1,1,1.0
6,3,663.92,274.42,77.80000000000007,44.52999999999997,1,1,1.0
6,4,541.59,242.06,27.00999999999999,41.94,1,1,1.0
6,5,7.87,257.79,25.2,36.69999999999999,1,1,1.0
7,1,0.0,348.7,131.0,72.5,1,1,1.0
7,2,207.81,247.3,96.08999999999997,48.06,1,1,1.0
7,3,649.07,275.29,77.78999999999996,44.52999999999997,1,1,1.0
7,4,524.1,242.06,34.89999999999998,41.94,1,1,1.0
7,5,9.62,257.79,25.200000000000003,36.69999999999999,1,1,1.0
8,1,0.0,354.82,105.66,72.5,1,1,1.0
8,2,207.81,247.3,96.08999999999997,48.06,1,1,1.0
8,3,639.46,279.66,77.78999999999996,44.52999999999997,1,1,1.0
8,4,519.29,244.24,34.90000000000009,41.94,1,1,1.0
8,5,12.24,257.79,25.199999999999996,36.69999999999999,1,1,1.0
9,1,0.0,354.82,81.2,72.5,1,1,1.0
9,2,207.81,247.3,96.08999999999997,48.06,1,1,1.0
9,3,619.37,280.53,83.02999999999997,44.54000000000002,1,1,1.0
9,4,514.49,246.43,34.89999999999998,41.94,1,1,1.0
9,5,14.42,258.22,25.21,36.69999999999999,1,1,1.0
10,1,0.0,354.82,55.9,72.5,1,1,1.0
10,2,207.81,247.3,96.08999999999997,48.06,1,1,1.0
10,3,607.14,281.41,83.02999999999997,44.52999999999997,1,1,1.0
10,4,505.75,246.43,34.89999999999998,41.94,1,1,1.0
10,5,16.61,258.66,25.200000000000003,36.69999999999999,1,1,1.0
11,1,0.0,362.68,28.81,72.5,1,1,1.0
11,2,207.81,247.3,96.08999999999997,48.06,1,1,1.0
11,3,589.67,284.9,86.53000000000009,48.900000000000034,1,1,1.0
11,4,503.13,246.43,34.89999999999998,41.94,1,1,1.0
11,5,19.2,258.66,22.610000000000003,36.69999999999999,1,1,1.0
12,2,207.81,247.3,96.08999999999997,48.06,1,1,1.0
12,3,575.69,285.78,86.52999999999997,48.89000000000004,1,1,1.0
12,4,495.26,247.3,37.539999999999964,41.94,1,1,1.0
12,5,20.9,258.66,20.910000000000004,36.69999999999999,1,1,1.0
13,2,207.81,247.3,96.08999999999997,48.06,1,1,1.0
13,3,559.1,287.52,90.00999999999999,48.900000000000034,1,1,1.0
13,4,488.27,247.3,39.23000000000002,41.94,1,1,1.0
13,5,24.9,262.16,21.5,38.039999999999964,1,1,1.0
14,2,207.81,247.3,96.08999999999997,48.06,1,1,1.0
14,3,545.51,288.28,90.00999999999999,48.900000000000034,1,1,1.0
14,4,484.5,248.06,39.22000000000003,41.94,1,1,1.0
14,5,24.9,262.16,21.5,38.69999999999999,1,1,1.0
15,2,207.81,247.3,96.08999999999997,48.06,1,1,1.0
15,3,529.65,290.54,90.00999999999999,48.89999999999998,1,1,1.0
15,4,475.44,248.06,39.21999999999997,41.94,1,1,1.0
15,5,24.9,262.16,21.5,39.36999999999995,1,1,1.0
16,2,207.81,247.3,96.08999999999997,48.06,1,1,1.0
16,3,510.77,294.32,93.02999999999997,48.900000000000034,1,1,1.0
16,4,470.15,248.81,39.23000000000002,41.94,1,1,1.0
16,5,24.9,262.16,21.5,40.02999999999997,1,1,1.0
17,2,207.81,247.3,96.08999999999997,48.06,1,1,1.0
17,3,494.91,297.34,93.03000000000003,48.900000000000034,1,1,1.0
17,4,461.1,248.06,45.299999999999955,41.94,1,1,1.0
17,5,24.9,262.16,21.5,40.69,1,1,1.0
18,2,207.81,247.3,96.08999999999997,48.06,1,1,1.0
18,3,475.27,299.6,97.52999999999997,50.39999999999998,1,1,1.0
18,4,452.79,246.55,45.299999999999955,41.94,1,1,1.0
18,5,24.9,262.16,21.5,41.349999999999966,1,1,1.0
19,2,207.81,247.3,96.08999999999997,48.06,1,1,1.0
19,3,459.42,302.63,97.52000000000004,50.389999999999986,1,1,1.0
19,4,446.0,246.93,45.30000000000001,41.94,1,1,1.0
19,5,24.9,262.16,21.5,42.01999999999998,1,1,1.0
20,2,207.81,247.3,96.08999999999997,48.06,1,1,1.0
20,3,438.27,304.14,97.52999999999997,50.389999999999986,1,1,1.0
20,4,439.2,247.3,45.30000000000001,41.94,1,1,1.0
20,5,24.9,262.16,21.5,42.67999999999995,1,1,1.0
21,2,207.81,247.3,96.08999999999997,48.06,1,1,1.0
21,3,420.1,306.4,105.88,54.200000000000045,1,1,1.0
21,4,433.91,245.42,45.299999999999955,41.940000000000026,1,1,1.0
21,5,24.9,262.16,21.5,43.339999999999975,1,1,1.0
22,2,207.81,247.3,96.08999999999997,48.06,1,1,1.0
22,3,401.97,310.18,105.88,54.19999999999999,1,1,1.0
22,4,428.63,243.53,45.30000000000001,41.940000000000026,1,1,1.0
22,5,24.9,262.16,21.5,44.839999999999975,1,1,1.0
23,2,207.81,247.3,96.08999999999997,48.06,1,1,1.0
23,3,382.34,314.71,110.36000000000001,54.200000000000045,1,1,1.0
23,4,425.6,243.53,45.299999999999955,41.940000000000026,1,1,1.0
23,5,24.9,262.16,21.5,46.339999999999975,1,1,1.0
24,2,207.81,247.3,96.08999999999997,48.06,1,1,1.0
24,3,366.48,315.46,110.35999999999996,59.44,1,1,1.0
24,4,418.05,243.53,45.30000000000001,41.940000000000026,1,1,1.0
24,5,21.88,263.67,21.500000000000004,46.339999999999975,1,1,1.0
25,2,207.81,247.3,96.08999999999997,48.06,1,1,1.0
25,3,348.36,319.24,110.36000000000001,59.44,1,1,1.0
25,4,413.52,242.77,45.30000000000001,41.93999999999997,1,1,1.0
25,5,20.37,264.42,21.499999999999996,46.349999999999966,1,1,1.0
26,2,207.81,247.3,96.08999999999997,48.06,1,1,1.0
26,3,328.72,319.24,110.35999999999996,59.44,1,1,1.0
26,4,406.72,242.77,45.309999999999945,41.93999999999997,1,1,1.0
26,5,19.53,264.42,19.699999999999996,46.349999999999966,1,1,1.0
27,2,207.81,247.3,96.08999999999997,48.06,1,1,1.0
27,3,305.31,323.02,117.88999999999999,65.48000000000002,1,1,1.0
27,4,399.17,242.02,41.93000000000001,41.93999999999997,1,1,1.0
27,5,18.7,264.42,17.900000000000002,46.349999999999966,1,1,1.0
28,2,207.81,247.3,96.08999999999997,48.06,1,1,1.0
28,3,284.42,325.63,117.88999999999999,65.48000000000002,1,1,1.0
28,4,399.17,242.02,35.43000000000001,41.93999999999997,1,1,1.0
28,5,16.74,264.42,17.900000000000002,46.349999999999966,1,1,1.0
29,2,207.81,247.3,96.08999999999997,48.06,1,1,1.0
29,3,266.15,325.63,117.89000000000004,65.48000000000002,1,1,1.0
29,4,399.17,242.02,28.22999999999996,41.93999999999997,1,1,1.0
29,5,12.17,265.08,17.9,46.34000000000003,1,1,1.0
30,2,207.81,247.3,96.08999999999997,48.06,1,1,1.0
30,3,243.3,332.81,125.69999999999999,65.48000000000002,1,1,1.0
30,4,388.12,242.96,31.980000000000018,41.93999999999997,1,1,1.0
30,5,7.6,265.73,23.799999999999997,46.339999999999975,1,1,1.0
31,2,207.81,247.3,96.08999999999997,48.06,1,1,1.0
31,3,219.15,336.07,130.24999999999997,65.48000000000002,1,1,1.0
31,4,382.66,241.86,31.97999999999996,41.94999999999999,1,1,1.0
31,5,3.22,266.7,23.790000000000003,46.35000000000002,1,1,1.0
32,2,207.81,247.3,96.08999999999997,48.06,1,1,1.0
32,3,199.52,343.62,130.24999999999997,65.49000000000001,1,1,1.0
32,4,378.58,241.86,31.980000000000018,41.94999999999999,1,1,0.0
32,5,0.95,269.72,23.8,46.349999999999966,1,1,1.0
33,2,207.81,247.3,96.08999999999997,48.06,1,1,1.0
33,3,179.28,346.88,130.24999999999997,65.49000000000001,1,1,1.0
33,4,365.99,241.55,31.980000000000018,41.94,1,1,0.0
33,5,0.95,269.72,20.52,46.349999999999966,1,1,1.0
34,2,207.81,247.3,96.08999999999997,48.06,1,1,1.0
34,3,148.0,352.76,138.02999999999997,65.48000000000002,1,1,1.0
34,4,358.28,241.55,31.970000000000027,41.94,1,1,0.0
34,5,0.95,269.72,17.25,46.349999999999966,1,1,1.0
35,2,207.81,247.3,96.08999999999997,48.06,1,1,1.0
35,3,123.15,353.4,142.03,70.06,1,1,1.0
35,4,350.56,241.55,31.980000000000018,41.94,1,1,0.0
35,5,0.95,269.72,14.65,46.349999999999966,1,1,1.0
36,2,207.81,247.3,96.08999999999997,48.06,1,1,1.0
36,3,98.35,360.58,147.95000000000002,70.06,1,1,1.0
36,4,345.21,241.24,35.09000000000003,41.94,1,1,0.0
37,2,207.81,247.3,96.08999999999997,48.06,1,1,1.0
37,3,71.6,364.5,153.16,72.0,1,1,1.0
37,4,339.23,241.86,35.089999999999975,41.94999999999999,1,1,0.0
38,2,207.81,247.3,96.08999999999997,48.06,1,1,1.0
38,3,44.52,365.6,153.16,76.53999999999996,1,1,1.0
38,4,334.2,240.29,35.079999999999984,41.940000000000026,1,1,0.0
39,2,207.81,247.3,96.08999999999997,48.06,1,1,1.0
39,3,14.1,374.06,161.02,76.54000000000002,1,1,1.0
39,4,324.12,237.77,35.06,41.93999999999997,1,1,0.0
40,2,207.81,247.3,96.08999999999997,48.06,1,1,1.0
40,3,0.0,377.4,153.12,79.97000000000003,1,1,1.0
40,4,321.87,237.77,35.05000000000001,41.93999999999997,1,1,0.0
41,2,207.81,247.3,96.08999999999997,48.06,1,1,1.0
41,3,0.0,381.35,128.29,79.96999999999997,1,1,1.0
41,4,312.84,236.64,35.06,41.94999999999999,1,1,0.0
42,2,207.81,247.3,96.08999999999997,48.06,1,1,1.0
42,3,0.0,385.3,102.91,79.96999999999997,1,1,1.0
42,4,306.07,236.64,35.06,41.94999999999999,1,1,0.0
43,2,207.81,247.3,96.08999999999997,48.06,1,1,1.0
43,3,0.0,385.86,77.52,79.96999999999997,1,1,1.0
43,4,300.43,237.77,35.06,41.93999999999997,1,1,0.0
44,2,207.81,247.3,96.08999999999997,48.06,1,1,1.0
44,3,0.0,386.43,50.45,79.96999999999997,1,1,1.0
44,4,298.17,237.21,29.45999999999998,41.93999999999997,1,1,0.0
45,2,207.81,247.3,96.08999999999997,48.06,1,1,1.0
45,3,0.0,386.43,27.9,79.96999999999997,1,1,1.0
45,4,287.46,236.65,29.460000000000036,41.93999999999997,1,1,0.0
46,2,207.81,247.3,96.08999999999997,48.06,1,1,1.0
46,4,281.81,236.08,29.45999999999998,41.93999999999997,1,1,0.0
47,2,207.81,247.3,96.08999999999997,48.06,1,1,1.0
47,4,276.17,235.52,29.45999999999998,41.93999999999997,1,1,0.0
48,2,207.81,247.3,96.08999999999997,48.06,1,1,1.0
48,4,272.22,235.52,29.45999999999998,41.93999999999997,1,1,0.0
49,2,207.81,247.3,96.08999999999997,48.06,1,1,1.0
49,4,264.33,235.52,29.460000000000036,41.93999999999997,1,1,0.0
50,2,207.81,247.3,96.08999999999997,48.06,1,1,1.0
50,4,255.3,235.52,29.45999999999998,41.93999999999997,1,1,0.0
51,2,207.81,247.3,96.08999999999997,48.06,1,1,1.0
51,4,248.53,234.95,29.460000000000008,41.94,1,1,0.0
52,2,207.81,247.3,96.08999999999997,48.06,1,1,1.0
52,4,241.76,232.7,29.460000000000036,41.94,1,1,0.0
52,6,947.12,225.63,12.879999999999995,62.04000000000002,1,1,1.0
53,2,207.81,247.3,96.08999999999997,48.06,1,1,1.0
53,4,237.81,233.82,29.45999999999998,41.94999999999999,1,1,0.0
53,6,940.1,225.63,19.899999999999977,62.04000000000002,1,1,1.0
54,2,207.81,247.3,96.08999999999997,48.06,1,1,1.0
54,4,228.22,233.82,29.460000000000008,41.94999999999999,1,1,0.0
54,6,934.9,225.63,25.100000000000023,62.04000000000002,1,1,1.0
55,2,207.81,247.3,96.08999999999997,48.06,1,1,1.0
55,4,218.63,233.26,29.460000000000008,41.94,1,1,0.0
55,6,928.8,225.63,31.200000000000045,62.04000000000002,1,1,1.0
56,2,207.81,247.3,96.08999999999997,48.06,1,1,1.0
56,4,214.12,232.7,29.460000000000008,41.94,1,1,0.0
56,6,926.14,226.5,33.860000000000014,66.37,1,1,1.0
57,2,207.81,247.3,96.08999999999997,48.06,1,1,1.0
57,4,205.66,232.7,29.460000000000008,41.94,1,1,0.0
57,6,920.9,226.5,39.10000000000002,66.37,1,1,1.0
58,2,207.81,247.3,96.08999999999997,48.06,1,1,1.0
58,4,199.45,232.13,29.460000000000008,41.94,1,1,0.0
58,6,914.8,226.5,45.200000000000045,66.37,1,1,1.0
59,2,207.81,247.3,96.08999999999997,48.06,1,1,1.0
59,4,191.56,232.13,29.460000000000008,41.94,1,1,0.0
59,6,910.45,226.5,49.549999999999955,66.37,1,1,1.0
60,2,207.81,247.3,96.08999999999997,48.06,1,1,1.0
60,4,184.22,232.13,29.460000000000008,41.94,1,1,0.0
60,6,906.1,226.5,53.89999999999998,66.37,1,1,1.0
61,2,207.81,247.3,96.08999999999997,48.06,1,1,1.0
61,4,179.85,231.26,29.460000000000008,41.94,1,1,0.0
61,6,897.4,226.5,62.60000000000002,66.37,1,1,1.0
62,2,207.81,247.3,96.08999999999997,48.06,1,1,1.0
62,4,175.48,230.38,29.460000000000008,41.94999999999999,1,1,0.0
62,6,897.4,226.5,62.60000000000002,76.89999999999998,1,1,1.0
63,2,207.81,247.3,96.08999999999997,48.06,1,1,1.0
63,4,170.24,228.64,29.45999999999998,41.94,1,1,0.0
63,6,888.7,226.5,71.29999999999995,76.89999999999998,1,1,1.0
64,2,207.81,247.3,96.08999999999997,48.06,1,1,1.0
64,4,164.13,229.51,29.460000000000008,41.94,1,1,0.0
64,6,881.7,226.5,78.29999999999995,76.89999999999998,1,1,1.0
65,2,207.81,247.3,96.08999999999997,48.06,1,1,1.0
65,4,151.02,227.76,29.45999999999998,41.94999999999999,1,1,0.0
65,6,876.9,226.07,83.10000000000002,79.53000000000003,1,1,1.0
66,2,207.81,247.3,96.08999999999997,48.06,1,1,1.0
66,4,145.78,227.76,29.460000000000008,41.94999999999999,1,1,0.0
66,6,872.1,225.63,87.89999999999998,82.17000000000002,1,1,1.0
67,2,207.81,247.3,96.08999999999997,48.06,1,1,1.0
67,4,140.53,227.76,29.460000000000008,41.94999999999999,1,1,0.0
67,6,867.7,225.63,92.29999999999995,82.17000000000002,1,1,1.0
68,2,207.81,247.3,96.08999999999997,48.06,1,1,1.0
68,4,132.67,228.64,29.460000000000008,41.94,1,1,0.0
68,6,860.7,225.63,99.29999999999995,82.17000000000002,1,1,1.0
69,2,207.81,247.3,96.08999999999997,48.06,1,1,1.0
69,4,128.3,228.64,29.45999999999998,41.94,1,1,0.0
69,6,852.8,225.63,107.20000000000005,82.17000000000002,1,1,1.0
70,2,207.81,247.3,96.08999999999997,48.06,1,1,1.0
70,4,119.56,227.76,29.460000000000008,41.94,1,1,0.0
70,6,843.2,225.63,116.79999999999995,86.57,1,1,1.0
71,2,207.81,247.3,96.08999999999997,48.06,1,1,1.0
71,4,113.45,227.76,29.459999999999994,41.94,1,1,0.0
71,6,837.1,223.87,122.89999999999998,92.27999999999997,1,1,1.0
72,2,207.81,247.3,96.08999999999997,48.06,1,1,1.0
72,4,107.33,227.76,29.459999999999994,41.94,1,1,0.0
72,6,831.0,222.1,129.0,98.00000000000003,1,1,1.0
73,2,207.81,247.3,96.08999999999997,48.06,1,1,1.0
73,4,101.21,226.89,29.459999999999994,41.94,1,1,0.0
73,6,823.14,222.1,136.86,98.00000000000003,1,1,1.0
74,2,207.81,247.3,96.08999999999997,48.06,1,1,1.0
74,4,95.3,226.89,30.299999999999997,41.94,1,1,0.0
74,6,816.1,226.1,143.89999999999998,94.00000000000003,1,1,1.0
75,2,207.81,247.3,96.08999999999997,48.06,1,1,1.0
75,4,86.56,224.27,30.299999999999997,41.93999999999997,1,1,0.0
75,6,806.5,226.1,153.5,94.00000000000003,1,1,1.0
76,2,207.81,247.3,96.08999999999997,48.06,1,1,1.0
76,4,77.82,224.27,30.30000000000001,41.93999999999997,1,1,0.0
76,6,797.8,226.1,162.20000000000005,94.00000000000003,1,1,1.0
77,2,207.81,247.3,96.08999999999997,48.06,1,1,1.0
77,4,71.27,224.27,30.299999999999997,41.93999999999997,1,1,0.0
77,6,792.6,226.1,167.39999999999998,94.00000000000003,1,1,1.0
78,2,207.81,247.3,96.08999999999997,48.06,1,1,1.0
78,4,64.72,224.27,30.299999999999997,41.93999999999997,1,1,0.0
78,6,792.6,232.22,167.39999999999998,94.00000000000003,1,1,1.0
78,7,779.0,256.91,34.950000000000045,30.579999999999984,1,1,1.0
79,2,207.81,247.3,96.08999999999997,48.06,1,1,1.0
79,4,62.13,224.27,25.07,41.93999999999997,1,1,0.0
79,6,776.0,232.22,176.10000000000002,94.00000000000003,1,1,1.0
79,7,769.39,256.91,34.950000000000045,30.579999999999984,1,1,1.0
80,2,207.81,247.3,96.08999999999997,48.06,1,1,1.0
80,4,55.14,222.52,25.060000000000002,41.93999999999997,1,1,0.0
80,6,770.76,233.09,178.74,96.61999999999998,1,1,1.0
80,7,759.8,256.91,44.54000000000008,30.579999999999984,1,1,1.0
81,2,207.81,247.3,96.08999999999997,48.06,1,1,1.0
81,4,48.15,218.15,25.059999999999995,41.93999999999997,1,1,0.0
81,6,765.51,233.96,181.39,99.23999999999998,1,1,1.0
81,7,747.57,259.53,44.52999999999997,30.590000000000032,1,1,1.0
82,2,207.81,247.3,96.08999999999997,48.06,1,1,1.0
82,4,37.66,218.15,25.07,41.93999999999997,1,1,0.0
82,6,755.03,236.59,184.87,99.22999999999999,1,1,1.0
82,7,738.8,259.53,41.10000000000002,30.590000000000032,1,1,1.0
83,2,207.81,247.3,96.08999999999997,48.06,1,1,1.0
83,4,30.67,218.15,25.07,41.93999999999997,1,1,0.0
83,6,744.54,235.71,184.87,99.23999999999998,1,1,1.0
83,7,731.8,259.53,43.700000000000045,30.590000000000032,1,1,1.0
84,2,207.81,247.3,96.08999999999997,48.06,1,1,1.0
84,4,25.43,219.02,25.060000000000002,41.95000000000002,1,1,0.0
84,6,736.68,235.71,191.82000000000005,99.23999999999998,1,1,1.0
84,7,716.07,260.41,43.69999999999993,30.579999999999984,1,1,1.0
85,2,207.81,247.3,96.08999999999997,48.06,1,1,1.0
85,4,20.62,219.02,25.069999999999997,41.95000000000002,1,1,0.0
85,6,727.9,235.71,192.70000000000005,107.09,1,1,1.0
85,7,707.77,260.84,45.870000000000005,31.900000000000034,1,1,1.0
86,2,207.81,247.3,96.08999999999997,48.06,1,1,1.0
86,4,15.81,219.02,25.07,41.95000000000002,1,1,0.0
86,6,727.9,235.71,186.60000000000002,107.09,1,1,1.0
86,7,699.47,261.28,48.02999999999997,33.22000000000003,1,1,1.0
87,2,207.81,247.3,96.08999999999997,48.06,1,1,1.0
87,4,8.82,218.15,25.07,41.93999999999997,1,1,0.0
87,6,713.05,240.08,192.6500000000001,107.09,1,1,1.0
87,7,687.24,260.41,48.02999999999997,33.21999999999997,1,1,1.0
88,2,207.81,247.3,96.08999999999997,48.06,1,1,1.0
88,4,5.88,216.99,20.44,41.94,1,1,0.0
88,6,706.06,241.8,196.21000000000004,109.74000000000001,1,1,1.0
88,7,672.43,262.15,42.770000000000095,33.22000000000003,1,1,1.0
89,2,207.81,247.3,96.08999999999997,48.06,1,1,1.0
89,4,2.94,215.82,15.81,41.94,1,1,0.0
89,6,692.9,241.8,200.60000000000002,109.74000000000001,1,1,1.0
89,7,661.07,263.03,42.76999999999998,33.22000000000003,1,1,1.0
90,2,207.81,247.3,96.08999999999997,48.06,1,1,1.0
90,4,0.0,214.66,11.17,41.940000000000026,1,1,0.0
90,6,684.93,244.03,204.72000000000003,109.73999999999998,1,1,1.0
90,7,647.1,263.03,56.74000000000001,33.22000000000003,1,1,1.0
91,2,207.81,247.3,96.08999999999997,48.06,1,1,1.0
91,6,676.96,246.26,208.83999999999992,109.74000000000001,1,1,1.0
91,7,641.4,263.03,62.440000000000055,36.370000000000005,1,1,1.0
92,2,207.81,247.3,96.08999999999997,48.06,1,1,1.0
92,6,655.28,245.0,217.12,112.91000000000003,1,1,1.0
92,7,627.37,263.03,62.43999999999994,36.370000000000005,1,1,1.0
93,2,207.81,247.3,96.08999999999997,48.06,1,1,1.0
93,6,645.09,245.96,220.62,113.85,1,1,1.0
93,7,611.43,263.66,62.440000000000055,36.379999999999995,1,1,1.0
94,2,207.81,247.3,96.08999999999997,48.06,1,1,1.0
94,6,634.9,246.91,224.11,114.78999999999999,1,1,1.0
94,7,601.23,263.66,78.37,36.379999999999995,1,1,1.0
95,2,207.81,247.3,96.08999999999997,48.06,1,1,1.0
95,6,618.96,248.19,232.43999999999994,114.78000000000003,1,1,1.0
95,7,589.12,265.58,78.37,36.370000000000005,1,1,1.0
96,2,207.81,247.3,96.08999999999997,48.06,1,1,1.0
96,6,606.21,249.46,237.49,114.78999999999999,1,1,1.0
96,7,577.64,264.94,78.37,36.370000000000005,1,1,1.0
97,2,207.81,247.3,96.08999999999997,48.06,1,1,1.0
97,6,600.47,252.01,237.49,114.79000000000002,1,1,1.0
97,7,564.89,264.94,80.90999999999997,36.370000000000005,1,1,1.0
97,8,786.45,247.94,58.64999999999998,31.25,1,1,0.0
98,2,207.81,247.3,96.08999999999997,48.06,1,1,1.0
98,6,585.81,252.01,243.19000000000005,123.69,1,1,1.0
98,7,548.95,268.13,87.94999999999993,36.370000000000005,1,1,1.0
98,8,775.61,247.94,58.65999999999997,31.25,1,1,0.0
99,2,207.81,247.3,96.08999999999997,48.06,1,1,1.0
99,6,580.07,253.92,243.18999999999994,123.69000000000003,1,1,1.0
99,7,540.02,267.49,87.95000000000005,36.370000000000005,1,1,1.0
99,8,771.78,247.94,58.66000000000008,31.25,1,1,0.0
100,2,207.81,247.3,96.08999999999997,48.06,1,1,1.0
100,6,558.39,253.29,255.90999999999997,130.01000000000002,1,1,1.0
100,7,525.36,268.76,87.94999999999993,36.379999999999995,1,1,1.0
100,8,756.48,249.22,58.65999999999997,31.23999999999998,1,1,0.0
101,2,207.81,247.3,96.08999999999997,48.06,1,1,1.0
101,6,543.73,255.84,255.90999999999997,130.01000000000002,1,1,1.0
101,7,508.78,268.76,96.22000000000003,36.379999999999995,1,1,1.0
101,8,746.28,249.86,58.66000000000008,31.24000000000001,1,1,0.0
102,2,207.81,247.3,96.08999999999997,48.06,1,1,1.0
102,6,534.16,255.84,259.74,129.96,1,1,1.0
102,7,497.31,269.4,96.20999999999998,36.379999999999995,1,1,1.0
102,8,729.7,249.22,65.02999999999997,31.23999999999998,1,1,0.0
103,2,207.81,247.3,96.08999999999997,48.06,1,1,1.0
103,6,523.96,259.66,259.74,129.96999999999997,1,1,1.0
103,7,482.64,271.31,100.65999999999997,36.379999999999995,1,1,1.0
103,8,722.05,249.22,65.03000000000009,31.23999999999998,1,1,0.0
104,2,207.81,247.3,96.08999999999997,48.06,1,1,1.0
104,6,502.9,260.94,276.34000000000003,140.16000000000003,1,1,1.0
104,7,474.35,271.95,100.65999999999997,36.379999999999995,1,1,1.0
104,8,711.21,249.86,65.02999999999997,31.24000000000001,1,1,0.0
105,2,207.81,247.3,96.08999999999997,48.06,1,1,1.0
105,6,489.51,260.94,280.19000000000005,140.16000000000003,1,1,1.0
105,7,453.31,270.68,100.66000000000003,38.920000000000016,1,1,1.0
105,8,690.2,249.86,79.69999999999993,31.24000000000001,1,1,0.0
105,9,945.21,223.08,14.789999999999964,42.72,1,1,1.0
106,2,207.81,247.3,96.08999999999997,48.06,1,1,1.0
106,6,473.57,262.21,286.53000000000003,140.16000000000003,1,1,1.0
106,7,439.29,271.31,100.66000000000003,38.93000000000001,1,1,1.0
106,8,681.91,251.77,79.70000000000005,31.23999999999998,1,1,0.0
106,9,945.21,214.2,14.789999999999964,51.60000000000002,1,1,1.0
107,2,207.81,247.3,96.08999999999997,48.06,1,1,1.0
107,6,453.82,263.2,304.28000000000003,143.10000000000002,1,1,1.0
107,7,431.4,271.31,108.55000000000007,38.93000000000001,1,1,1.0
107,8,670.1,251.8,76.69999999999993,31.20999999999998,1,1,0.0
107,9,937.3,214.2,22.700000000000045,51.60000000000002,1,1,1.0
108,2,207.81,247.3,96.08999999999997,48.06,1,1,1.0
108,6,438.02,265.18,304.28,146.01999999999998,1,1,1.0
108,7,414.61,273.29,108.54999999999995,38.91999999999996,1,1,1.0
108,8,662.2,251.8,76.69999999999993,31.20999999999998,1,1,0.0
108,9,934.85,214.2,25.149999999999977,53.10000000000002,1,1,1.0
109,2,207.81,247.3,96.08999999999997,48.06,1,1,1.0
109,6,429.13,269.13,304.28,146.01999999999998,1,1,1.0
109,7,401.77,273.29,108.55000000000001,38.91999999999996,1,1,1.0
109,8,641.5,252.79,85.54999999999995,31.210000000000008,1,1,0.0
109,9,932.4,214.2,27.600000000000023,54.60000000000002,1,1,1.0
110,2,207.81,247.3,96.08999999999997,48.06,1,1,1.0
110,6,409.4,270.11,315.12,151.99,1,1,1.0
110,7,384.99,273.29,108.53999999999996,38.91999999999996,1,1,1.0
110,8,622.7,252.79,91.5,31.210000000000008,1,1,0.0
110,9,926.5,214.2,33.5,54.60000000000002,1,1,1.0
111,2,207.81,247.3,96.08999999999997,48.06,1,1,1.0
111,6,398.54,274.06,315.11999999999995,151.99,1,1,1.0
111,7,370.17,273.29,108.55000000000001,38.91999999999996,1,1,1.0
111,8,602.95,256.74,100.34999999999991,31.20999999999998,1,1,0.0
111,9,919.6,214.2,40.39999999999998,54.60000000000002,1,1,1.0
112,2,207.81,247.3,96.08999999999997,48.06,1,1,1.0
112,6,378.79,271.1,327.00999999999993,151.98999999999995,1,1,1.0
112,7,360.3,274.28,108.53999999999996,38.920000000000016,1,1,1.0
112,8,595.0,256.74,108.29999999999995,31.20999999999998,1,1,0.0
112,9,918.6,214.2,41.39999999999998,54.60000000000002,1,1,1.0
113,2,207.81,247.3,96.08999999999997,48.06,1,1,1.0
113,6,361.01,276.04,327.99,159.85999999999996,1,1,1.0
113,7,345.48,276.25,108.54999999999995,38.93000000000001,1,1,1.0
113,8,579.2,256.74,97.39999999999998,31.20999999999998,1,1,0.0
113,9,907.7,214.2,52.299999999999955,56.60000000000002,1,1,1.0
114,2,207.81,247.3,96.08999999999997,48.06,1,1,1.0
114,6,337.31,272.09,342.79,158.91000000000003,1,1,1.0
114,7,328.7,277.24,112.49000000000001,38.920000000000016,1,1,1.0
114,8,566.4,256.74,98.30000000000007,31.20999999999998,1,1,0.0
114,9,903.25,214.2,56.75,56.60000000000002,1,1,1.0
115,2,207.81,247.3,96.08999999999997,48.06,1,1,1.0
115,6,319.53,275.05,348.6700000000001,170.84999999999997,1,1,1.0
115,7,312.9,277.24,112.49000000000001,38.920000000000016,1,1,1.0
115,8,551.6,256.74,113.10000000000002,31.20999999999998,1,1,0.0
115,9,898.8,214.2,61.200000000000045,56.60000000000002,1,1,1.0
116,2,207.81,247.3,96.08999999999997,48.06,1,1,1.0
116,6,300.77,278.01,355.53,170.85000000000002,1,1,1.0
116,7,302.04,277.24,112.48999999999995,38.920000000000016,1,1,1.0
116,8,532.83,255.75,113.09999999999991,31.20999999999998,1,1,0.0
116,9,894.85,214.2,65.14999999999998,57.10000000000002,1,1,1.0
117,2,207.81,247.3,96.08999999999997,48.06,1,1,1.0
117,6,278.05,283.94,367.34999999999997,170.85000000000002,1,1,1.0
117,7,285.25,277.24,112.49000000000001,38.920000000000016,1,1,1.0
117,8,522.96,255.75,107.13999999999999,31.20999999999998,1,1,0.0
117,9,890.9,214.2,69.10000000000002,57.60000000000002,1,1,1.0
118,2,207.81,247.3,96.08999999999997,48.06,1,1,1.0
118,6,260.28,284.93,375.22,170.84999999999997,1,1,1.0
118,7,266.5,277.24,131.24,46.860000000000014,1,1,1.0
118,8,509.1,260.69,121.0,31.20999999999998,1,1,0.0
118,9,884.0,214.2,76.0,57.60000000000002,1,1,1.0
119,2,207.81,247.3,96.08999999999997,48.06,1,1,1.0
119,6,242.5,285.91,382.14,182.69,1,1,1.0
119,7,248.7,278.23,125.32999999999998,46.85999999999996,1,1,1.0
119,8,490.34,262.66,113.14000000000004,31.21999999999997,1,1,0.0
119,9,881.0,214.2,79.0,57.60000000000002,1,1,1.0
120,2,207.81,247.3,96.08999999999997,48.06,1,1,1.0
120,6,215.84,289.87,392.02,184.69,1,1,1.0
120,7,233.89,278.23,125.33000000000004,46.85999999999996,1,1,1.0
120,8,477.5,262.66,113.13999999999999,31.21999999999997,1,1,0.0
120,9,875.07,214.2,80.92999999999995,57.60000000000002,1,1,1.0
121,2,207.81,247.3,96.08999999999997,48.06,1,1,1.0
121,6,192.13,289.87,405.87,187.63,1,1,1.0
121,7,217.1,279.21,125.33000000000001,46.860000000000014,1,1,1.0
121,8,463.67,263.16,113.13999999999993,35.67999999999995,1,1,0.0
121,9,871.12,216.17,80.92999999999995,57.599999999999994,1,1,1.0
122,2,207.81,247.3,96.08999999999997,48.06,1,1,1.0
122,6,171.4,294.8,414.70000000000005,199.45,1,1,1.0
122,7,198.33,280.2,125.34,46.860000000000014,1,1,1.0
122,8,449.84,263.65,113.14000000000004,40.150000000000034,1,1,1.0
122,9,864.21,217.16,80.92999999999995,57.599999999999994,1,1,1.0
123,2,207.81,247.3,96.08999999999997,48.06,1,1,1.0
123,6,147.69,291.84,425.59999999999997,199.45000000000005,1,1,1.0
123,7,179.57,282.18,125.34000000000003,46.860000000000014,1,1,1.0
123,8,437.99,263.65,113.13999999999999,40.150000000000034,1,1,1.0
123,9,857.3,216.18,87.83000000000004,63.56999999999999,1,1,1.0
124,2,207.81,247.3,96.08999999999997,48.06,1,1,1.0
124,6,123.0,297.77,434.5,200.43,1,1,1.0
124,7,169.7,282.18,125.32999999999998,46.860000000000014,1,1,1.0
124,8,423.18,264.64,113.14000000000004,40.150000000000034,1,1,1.0
124,9,849.4,217.16,87.82000000000005,63.58000000000001,1,1,1.0
125,2,207.81,247.3,96.08999999999997,48.06,1,1,1.0
125,6,93.37,299.74,449.33000000000004,204.36,1,1,1.0
125,7,149.94,287.12,125.33999999999997,46.860000000000014,1,1,1.0
125,8,404.42,264.64,113.12999999999994,40.150000000000034,1,1,1.0
125,9,845.45,216.18,87.81999999999994,63.56999999999999,1,1,1.0
126,2,207.81,247.3,96.08999999999997,48.06,1,1,1.0
126,6,66.71,299.74,463.19,205.36,1,1,1.0
126,7,130.19,288.1,125.34,46.85999999999996,1,1,1.0
126,8,394.54,265.63,113.13999999999999,46.06999999999999,1,1,1.0
126,9,839.52,216.18,87.83000000000004,63.56999999999999,1,1,1.0
127,2,207.81,247.3,96.08999999999997,48.06,1,1,1.0
127,6,34.1,306.65,480.0,226.14999999999998,1,1,1.0
127,7,115.38,289.09,125.33000000000001,50.81,1,1,1.0
127,8,377.75,265.63,113.13999999999999,46.06999999999999,1,1,1.0
127,9,836.56,216.18,87.83000000000004,63.56999999999999,1,1,1.0
128,2,207.81,247.3,96.08999999999997,48.06,1,1,1.0
128,6,7.4,307.64,495.8,226.14999999999998,1,1,1.0
128,7,94.6,290.08,133.27,50.81,1,1,1.0
128,8,362.9,265.63,127.99000000000001,46.06999999999999,1,1,1.0
128,9,830.63,216.18,87.83000000000004,63.56999999999999,1,1,1.0
129,2,207.81,247.3,96.08999999999997,48.06,1,1,1.0
129,6,0.0,309.62,489.37,230.38,1,1,1.0
129,7,76.82,290.08,133.28,50.81,1,1,1.0
129,8,350.06,265.63,127.99000000000001,49.06999999999999,1,1,1.0
129,9,821.75,216.18,90.75,63.56999999999999,1,1,1.0
130,2,207.81,247.3,96.08999999999997,48.06,1,1,1.0
130,6,0.0,309.62,472.6,230.38,1,1,1.0
130,7,58.06,295.01,133.27,50.81,1,1,1.0
130,8,330.31,268.59,127.99000000000001,49.07000000000005,1,1,1.0
130,9,814.83,220.13,90.75999999999999,63.56999999999999,1,1,1.0
131,2,207.81,247.3,96.08999999999997,48.06,1,1,1.0
131,6,0.0,314.6,453.8,225.39999999999998,1,1,1.0
131,7,39.29,296.99,133.28,50.81,1,1,1.0
131,8,313.52,271.55,127.99000000000001,49.079999999999984,1,1,1.0
131,9,811.87,220.13,90.75,63.56999999999999,1,1,1.0
132,2,207.81,247.3,96.08999999999997,48.06,1,1,1.0
132,6,0.0,317.56,439.97,222.44,1,1,1.0
132,7,18.56,296.99,133.27,50.81,1,1,1.0
132,8,298.71,272.54,127.99000000000001,49.06999999999999,1,1,1.0
132,9,804.96,221.11,90.75,63.579999999999984,1,1,1.0
133,2,207.81,247.3,96.08999999999997,48.06,1,1,1.0
133,6,0.0,320.53,422.2,219.47000000000003,1,1,1.0
133,7,6.7,296.99,133.28,50.81,1,1,1.0
133,8,282.91,273.53,127.98999999999995,49.07000000000005,1,1,1.0
133,9,797.06,223.09,90.75,63.57000000000002,1,1,1.0
134,2,207.81,247.3,96.08999999999997,48.06,1,1,1.0
134,6,0.0,320.53,401.46,219.47000000000003,1,1,1.0
134,7,0.0,299.95,119.24,50.81,1,1,1.0
134,8,266.12,273.53,127.99000000000001,49.07000000000005,1,1,1.0
134,9,792.45,221.87,90.75,63.129999999999995,1,1,1.0
135,2,207.81,247.3,96.08999999999997,48.06,1,1,1.0
135,6,0.0,327.35,386.09,212.64999999999998,1,1,1.0
135,7,0.0,299.95,104.73,50.81,1,1,1.0
135,8,251.61,272.67,127.99000000000001,49.079999999999984,1,1,1.0
135,9,777.94,221.87,102.65999999999997,65.73000000000002,1,1,1.0
135,10,684.74,521.2,110.11000000000001,18.799999999999955,1,1,1.0
136,2,207.81,247.3,96.08999999999997,48.06,1,1,1.0
136,6,0.0,329.91,367.32,210.08999999999997,1,1,1.0
136,7,0.0,299.95,84.24,50.81,1,1,1.0
136,8,233.7,277.79,133.10000000000002,49.079999999999984,1,1,1.0
136,9,772.82,222.3,102.65999999999997,65.72999999999996,1,1,1.0
136,10,684.74,512.7,125.46000000000004,27.299999999999955,1,1,1.0
137,2,207.81,247.3,96.08999999999997,48.06,1,1,1.0
137,6,0.0,329.91,349.39,210.08999999999997,1,1,1.0
137,7,0.0,299.95,66.32,50.81,1,1,1.0
137,8,220.04,275.23,133.1,49.079999999999984,1,1,1.0
137,9,767.7,222.72,102.65999999999997,65.72999999999999,1,1,1.0
137,10,684.74,503.3,147.65999999999997,36.69999999999999,1,1,1.0
138,2,207.81,247.3,96.08999999999997,48.06,1,1,1.0
138,6,0.0,333.33,329.76,206.67000000000002,1,1,1.0
138,7,0.0,307.6,49.25,45.71999999999997,1,1,1.0
138,8,202.97,276.09,133.1,52.51000000000005,1,1,1.0
138,9,760.01,222.72,102.66999999999996,65.72999999999999,1,1,1.0
138,10,692.85,500.31,147.65999999999997,39.69,1,1,1.0
139,2,207.81,247.3,96.08999999999997,48.06,1,1,1.0
139,6,0.0,343.57,316.1,196.43,1,1,1.0
139,7,0.0,311.01,28.76,45.73000000000002,1,1,1.0
139,8,184.2,279.5,133.09000000000003,52.50999999999999,1,1,1.0
139,9,752.33,220.16,102.65999999999997,65.72999999999999,1,1,1.0
139,10,700.96,497.33,153.64,42.670000000000016,1,1,1.0
140,2,207.81,247.3,96.08999999999997,48.06,1,1,1.0
140,6,0.0,346.13,288.79,193.87,1,1,1.0
140,8,167.97,281.53,133.1,52.51000000000005,1,1,1.0
140,9,742.19,223.2,102.65999999999997,65.73000000000002,1,1,1.0
140,10,719.74,492.2,141.65999999999997,47.80000000000001,1,1,1.0
141,2,207.81,247.3,96.08999999999997,48.06,1,1,1.0
141,6,0.0,351.2,272.57,188.8,1,1,1.0
141,8,151.8,280.52,136.08999999999997,55.58000000000004,1,1,1.0
141,9,737.63,226.25,102.65999999999997,65.72000000000003,1,1,1.0
141,10,731.9,485.1,141.67000000000007,54.89999999999998,1,1,1.0
142,2,207.81,247.3,96.08999999999997,48.06,1,1,1.0
142,6,0.0,355.26,247.22,184.74,1,1,1.0
142,8,132.54,281.53,136.08,55.58000000000004,1,1,1.0
142,9,733.07,229.29,102.65999999999997,65.72999999999999,1,1,1.0
142,10,744.07,479.0,141.65999999999997,61.0,1,1,1.0
143,2,207.81,247.3,96.08999999999997,48.06,1,1,1.0
143,6,0.0,358.81,225.42,181.19,1,1,1.0
143,8,118.34,282.54,136.09,55.589999999999975,1,1,1.0
143,9,724.96,229.29,102.65999999999997,65.72999999999999,1,1,1.0
143,10,753.2,473.93,131.5,66.07,1,1,1.0
144,2,207.81,247.3,96.08999999999997,48.06,1,1,1.0
144,6,0.0,362.35,203.62,177.64999999999998,1,1,1.0
144,8,101.1,285.58,136.09,55.59000000000003,1,1,1.0
144,9,717.86,227.26,102.65999999999997,65.73000000000002,1,1,1.0
144,10,765.36,469.9,131.51,70.10000000000002,1,1,1.0
145,2,207.81,247.3,96.08999999999997,48.06,1,1,1.0
145,6,0.0,365.4,178.28,174.60000000000002,1,1,1.0
145,8,81.84,286.6,138.16,55.579999999999984,1,1,1.0
145,9,708.73,227.26,103.66999999999996,65.73000000000002,1,1,1.0
145,10,772.46,465.8,131.5,74.19999999999999,1,1,1.0
146,2,207.81,247.3,96.08999999999997,48.06,1,1,1.0
146,6,0.0,369.45,152.93,170.55,1,1,1.0
146,8,64.6,285.58,138.16,55.59000000000003,1,1,1.0
146,9,700.62,228.27,103.66999999999996,65.72999999999999,1,1,1.0
146,10,783.61,460.7,131.51,79.30000000000001,1,1,1.0
147,2,207.81,247.3,96.08999999999997,48.06,1,1,1.0
147,6,0.0,372.49,129.61,167.51,1,1,1.0
147,8,45.3,287.61,142.25,58.589999999999975,1,1,1.0
147,9,690.5,228.27,106.69000000000005,65.72999999999999,1,1,1.0
147,10,783.61,456.6,128.49,83.39999999999998,1,1,1.0
148,2,207.81,247.3,96.08999999999997,48.06,1,1,1.0
148,6,0.0,376.55,100.21,163.45,1,1,1.0
148,8,25.0,287.61,147.35,58.589999999999975,1,1,1.0
148,9,682.39,230.3,105.71000000000004,65.72999999999996,1,1,1.0
148,10,797.81,445.45,128.48000000000002,94.55000000000001,1,1,1.0
149,2,207.81,247.3,96.08999999999997,48.06,1,1,1.0
149,6,0.0,383.65,81.96,156.35000000000002,1,1,1.0
149,8,7.76,289.64,147.35000000000002,58.59000000000003,1,1,1.0
149,9,671.2,230.3,114.89999999999998,65.72999999999996,1,1,1.0
149,10,810.99,444.43,128.48000000000002,94.56,1,1,1.0
150,2,207.81,247.3,96.08999999999997,48.06,1,1,1.0
150,6,0.0,390.74,46.47,149.26,1,1,1.0
150,8,0.0,292.68,134.83,58.589999999999975,1,1,1.0
150,9,662.08,230.3,114.89999999999998,65.72999999999996,1,1,1.0
150,10,815.04,437.33,128.49,94.56,1,1,1.0
151,2,207.81,247.3,96.08999999999997,48.06,1,1,1.0
151,8,0.0,290.65,119.62,63.650000000000034,1,1,1.0
151,9,657.0,230.3,113.70000000000005,65.72999999999996,1,1,1.0
151,10,827.7,437.33,115.82999999999993,87.57,1,1,1.0
152,2,207.81,247.3,96.08999999999997,48.06,1,1,1.0
152,8,0.0,291.36,104.17,63.639999999999986,1,1,1.0
152,9,647.87,228.19,112.33000000000004,69.91000000000003,1,1,1.0
152,10,837.53,432.42,114.47000000000003,87.56,1,1,1.0
153,2,207.81,247.3,96.08999999999997,48.06,1,1,1.0
153,8,0.0,291.36,88.02,63.639999999999986,1,1,1.0
153,9,639.4,229.6,113.77999999999997,69.9,1,1,1.0
153,10,842.45,430.31,114.46999999999991,87.57,1,1,1.0
154,2,207.81,247.3,96.08999999999997,48.06,1,1,1.0
154,8,0.0,291.36,70.62,63.639999999999986,1,1,1.0
154,9,629.61,230.69,113.77999999999997,69.89999999999998,1,1,1.0
154,10,851.15,417.26,108.85000000000002,87.56,1,1,1.0
155,2,207.81,247.3,96.08999999999997,48.06,1,1,1.0
155,8,0.0,292.44,49.95,63.64999999999998,1,1,1.0
155,9,619.8,229.6,116.0,69.9,1,1,1.0
155,10,859.85,417.26,100.14999999999998,87.56,1,1,1.0
156,2,207.81,247.3,96.08999999999997,48.06,1,1,1.0
156,8,0.0,298.97,32.55,59.329999999999984,1,1,1.0
156,9,612.19,229.6,116.0,69.9,1,1,1.0
156,10,867.47,414.0,92.52999999999997,87.56,1,1,1.0
157,2,207.81,247.3,96.08999999999997,48.06,1,1,1.0
157,8,0.0,302.23,10.79,59.329999999999984,1,1,1.0
157,9,602.4,231.77,116.0,69.91,1,1,1.0
157,10,872.91,412.91,87.09000000000003,87.56,1,1,1.0
158,2,207.81,247.3,96.08999999999997,48.06,1,1,1.0
158,9,587.1,230.68,122.59000000000003,71.82,1,1,1.0
158,10,880.43,411.0,79.57000000000005,72.60000000000002,1,1,1.0
159,2,207.81,247.3,96.08999999999997,48.06,1,1,1.0
159,9,579.58,230.68,122.58999999999992,71.82,1,1,1.0
159,10,888.89,409.12,71.11000000000001,72.60000000000002,1,1,1.0
160,2,207.81,247.3,96.08999999999997,48.06,1,1,1.0
160,9,571.12,233.5,122.59000000000003,71.82,1,1,1.0
160,10,893.59,401.6,66.40999999999997,72.59999999999997,1,1,1.0
161,2,207.81,247.3,96.08999999999997,48.06,1,1,1.0
161,9,559.84,231.62,122.58999999999992,71.82,1,1,1.0
161,10,897.35,398.78,62.64999999999998,72.60000000000002,1,1,1.0
162,2,207.81,247.3,96.08999999999997,48.06,1,1,1.0
162,9,552.31,232.56,122.60000000000002,71.82,1,1,1.0
162,10,905.81,397.84,54.190000000000055,72.60000000000002,1,1,1.0
163,2,207.81,247.3,96.08999999999997,48.06,1,1,1.0
163,9,542.91,233.5,122.60000000000002,71.82,1,1,1.0
163,10,908.63,392.2,51.370000000000005,72.60000000000002,1,1,1.0
164,2,207.81,247.3,96.08999999999997,48.06,1,1,1.0
164,9,529.75,234.45,122.60000000000002,71.81,1,1,1.0
164,10,917.09,390.32,42.90999999999997,72.60000000000002,1,1,1.0
165,2,207.81,247.3,96.08999999999997,48.06,1,1,1.0
165,9,516.6,234.45,128.22000000000003,71.81,1,1,1.0
165,10,926.49,387.5,33.50999999999999,67.0,1,1,1.0
166,2,207.81,247.3,96.08999999999997,48.06,1,1,1.0
166,9,506.26,235.39,128.22000000000003,71.81,1,1,1.0
166,10,930.25,386.56,29.75,67.0,1,1,1.0
167,2,207.81,247.3,96.08999999999997,48.06,1,1,1.0
167,9,494.04,238.21,128.21999999999997,71.80999999999997,1,1,1.0
167,10,934.01,385.62,25.99000000000001,67.0,1,1,1.0
168,2,207.81,247.3,96.08999999999997,48.06,1,1,1.0
168,9,486.51,236.33,128.23000000000002,71.80999999999997,1,1,1.0
168,10,939.65,385.62,20.350000000000023,67.0,1,1,1.0
169,2,207.81,247.3,96.08999999999997,48.06,1,1,1.0
169,9,470.53,237.26,132.07000000000005,71.82,1,1,1.0
169,10,945.01,380.26,14.990000000000009,67.0,1,1,1.0
170,2,207.81,247.3,96.08999999999997,48.06,1,1,1.0
170,9,460.71,237.26,132.07,71.82,1,1,1.0
171,2,207.81,247.3,96.08999999999997,48.06,1,1,1.0
171,9,450.89,238.16,132.07000000000005,71.81000000000003,1,1,1.0
172,2,207.81,247.3,96.08999999999997,48.06,1,1,1.0
172,9,440.17,238.16,132.07,71.81000000000003,1,1,1.0
173,2,207.81,247.3,96.08999999999997,48.06,1,1,1.0
173,9,422.3,238.16,140.11999999999995,77.14000000000001,1,1,1.0
174,2,207.81,247.3,96.08999999999997,48.06,1,1,1.0
174,9,409.8,239.94,140.11999999999995,77.14999999999998,1,1,1.0
175,2,207.81,247.3,96.08999999999997,48.06,1,1,1.0
175,9,399.97,238.16,140.12,77.14000000000001,1,1,1.0
176,2,207.81,247.3,96.08999999999997,48.06,1,1,1.0
176,9,386.58,240.84,140.12000000000006,77.14000000000001,1,1,1.0
177,2,207.81,247.3,96.08999999999997,48.06,1,1,1.0
177,9,378.54,240.84,140.11999999999995,77.14000000000001,1,1,1.0
178,2,207.81,247.3,96.08999999999997,48.06,1,1,1.0
178,9,368.72,240.84,140.11999999999995,77.14000000000001,1,1,1.0
179,2,207.81,247.3,96.08999999999997,48.06,1,1,1.0
179,9,354.43,240.84,140.12,77.14000000000001,1,1,1.0
180,2,207.81,247.3,96.08999999999997,48.06,1,1,1.0
180,9,344.61,240.84,140.12,77.14000000000001,1,1,1.0
181,2,207.81,247.3,96.08999999999997,48.06,1,1,1.0
181,9,334.79,240.84,140.12,77.14000000000001,1,1,1.0
182,2,207.81,247.3,96.08999999999997,48.06,1,1,1.0
182,9,322.29,239.94,140.12,77.14999999999998,1,1,1.0
183,2,207.81,247.3,96.08999999999997,48.06,1,1,1.0
183,9,311.57,239.94,140.12,77.14999999999998,1,1,1.0
184,2,207.81,247.3,96.08999999999997,48.06,1,1,1.0
184,9,299.96,239.94,140.12,77.14999999999998,1,1,1.0
185,2,207.81,247.3,96.08999999999997,48.06,1,1,1.0
185,9,293.71,241.73,140.12,77.14000000000001,1,1,1.0
186,2,207.81,247.3,96.08999999999997,48.06,1,1,1.0
186,9,281.21,241.73,140.12,86.97,1,1,1.0
187,2,207.81,247.3,96.08999999999997,48.06,1,1,1.0
187,9,271.39,241.73,140.12,86.97,1,1,1.0
188,2,207.81,247.3,96.08999999999997,48.06,1,1,1.0
188,9,258.89,241.73,140.11,86.97,1,1,1.0
189,2,207.81,247.3,96.08999999999997,48.06,1,1,1.0
189,9,237.46,241.73,150.84,86.97,1,1,1.0
190,2,207.81,247.3,96.08999999999997,48.06,1,1,1.0
190,9,230.31,241.73,147.29000000000002,86.97,1,1,1.0
